0,0.546426352138
1,0.618169024791
2,0.473967537516
3,0.258537120488
4,0.200536004622
5,0.589721813445
6,0.376924672682
7,0.354401093647
8,0.202747543323
9,0.246458335279
10,0.220630188637
11,0.470464580421
12,0.40826360338
13,0.579076608999
14,0.366477864307
15,0.220847884626
16,0.768329771503
17,0.205375656083
18,0.498536600101
19,0.457754299558
20,0.361343585723
21,0.364945266116
22,0.112712796252
23,0.252466077029
24,0.311886073362
25,0.460727338277
26,0.401372681526
27,0.282386309767
28,0.390721415709
29,0.355102130007
30,0.492208857827
31,0.30565668983
32,0.464142825338
33,0.336223661481
34,0.218423716972
35,0.179384398135
36,0.301129606061
37,0.523295313765
38,0.513889293631
39,0.680037536349
40,0.221911060603
41,0.349120236928
42,0.466280119165
43,0.255162882481
44,0.298391878402
45,0.559813157275
46,0.267558545341
47,0.154533865897
48,0.467276453366
49,0.352109601882
50,0.379545989593
51,0.524073831256
52,0.294989778623
53,0.621962680839
54,0.190646101398
55,0.240495706309
56,0.401185733817
57,0.423342398365
58,0.7072101819
59,0.299938466159
60,0.654974162126
61,0.292501066057
62,0.374574287237
63,0.432032321556
64,0.413034469156
65,0.523774571706
66,0.183785795467
67,0.696653282013
68,0.283378287953
69,0.505525126853
70,0.541826286544
71,0.466021974374
72,0.426981175852
73,0.684464745696
74,0.214853021185
75,0.259765223257
76,0.68083749707
77,0.389630909242
78,0.369029133621
79,0.27215990471
80,0.192349341428
81,0.28041016783
82,0.381166866344
83,0.502472454412
84,0.679728675616
85,0.317058127607
86,0.539266601819
87,0.327356639889
88,0.254834214111
89,0.56554989545
90,0.699718301897
91,0.427075060307
92,0.504586080014
93,0.331026858358
94,0.526822216815
95,0.371974532177
96,0.228698928733
97,0.242502654583
98,0.377979171897
99,0.555600240985
100,0.187624060436
101,0.311323445142
102,0.353061785814
103,0.438862899109
104,0.368472782397
105,0.473618390286
106,0.211175092583
107,0.625225107985
108,0.283259477989
